51000
3300
240000
45000
86000
360
62000
290
65000
300
26000
120000
90
260000
370000
58000
900000
310
9300
770000
190000
170000
160000
750
600
910
37000
4200
96000
3700
8500
680000
810
8000
650
1500
980000
37000
970
730000
610
9200
570000
90
720000
140000
760000
960000
620000
90000
53000
420000
6200
410000
710000
9200
7700
400
8400
100000
800
8500
440
660000
490
340000
670
400
410000
2600
560
32000
920
4400
30000
10000
480000
410000
29000
92000
440
100000
360
140000
3000
790000
7100
400
940
520000
7000
120
720
25000
360
23000
480
60
910
4200
580000
8000
4300
230
490000
100000
390
7800
220
4800
250000
100
70000
55000
8900
81000
7700
25000
970000
580
89000
180
6200
530000
90000
1700
1100
4900
7000
570
64000
4700
8600
47000
440
780000
61000
200
10000
7300
13000
10
41000
150000
220
60
300000
6900
6200
210
60
5000
80000
9300
92000
700000
87000
9900
940
670000
700000
790
400000
300000
56000
200000
110
270
6700
150
130
100000
620
1000
1700
880000
1900
720000
960
68000
1300
65000
5000
6000
620000
95000
220000
590
600000
170
7100
8000
5700
770000
30
8900
900000
700000
90
140000
940
140
400000
79000
97000
760000
72000
6500
29000
4000
4600
190000
6800
44000
9700
9600
8200
6700
24000
98000
58000
73000
60000
660000
3000
620
420
510000
97000
88000
54000
850000
350
36000
740
700
60000
8000
4300
300
59000
2900
42000
6600
850
99000
6500
590000
440
910000
200
230000
69000
70
90
320000
220000
670
860000
910000
730
93000
280
76000
290
170000
40000
8000
6600
590
54000
560000
270000
450
480000
2800
980
24000
7600
7700
500
510000
270
96000
260000
81000
350
170
710
300
610
41000
18000
310000
3700
69000
9600
25000
80000
510
90000
750000
1900
110000
4200
4000
97000
840
280000
6400
32000
670000
940
790
3200
71000
13000
5000
340
6600
62000
40000
440
99000
870
550000
270
510
720
5200
29000
720
2100
98000
3200
400000
360
450000
14000
1800
4500
68000
73000
2200
72000
110
780
120000
600
540
4300
660
460
6300
7700
61000
2700
250
60000
47000
680
170000
820000
8200
53000
550
650
80
290
95000
3500
49000
68000
4000
8100
27000
930
77000
80000
360000
60000
720
350
50000
350
430
3700
3100
960000
98000
830000
10000
860000
920000
7200
540000
100
8200
460
300000
810000
7000
730
5500
250000
980
540000
2000
80000
480000
17000
41000
9000
970000
32000
440
76000
670
280
11000
810000
510
850
82000
910
14000
600
350
18000
3000
73000
520
410
2800
330000
400000
7400
650000
8100
480000
690
900
860
54000
180000
30
3900
540
830000
4200
9000
5600
31000
7900
620
80
810
7400
570
550
610
520
280
3000
76000
820
520000
360000
21000
650
710000
280000
48000
20000
1600
640
7000
550000
30000
97000
6100
66000
350
730000
630
540
18000
97000
9500
830
8200
730
940000
51000
10000
78000
200
440000
4200
73000
7200
290
960
69000
37000
15000
9000
800000
830
4800
3400
300000
460
550000
1000
300
990
77000
980000
200000
480000
300000
7600
1700
600
4100
250000
9200
40
40000
130
200
610000
45000
130
890
230000
35000
15000
7900
80000
4200
430
40000
280000
44000
960000
83000
85000
450
940
17000
130
350
660000
620000
780000
8200
500
31000
950000
40000
2000
4200
410000
400
1500
820000
77000
430000
490000
420
89000
460000
200
480000
59000
480
740
520
54000
64000
27000
250000
9000
91000
10
79000
390000
6300
99000
2100
61000
650
8000
790000
220
28000
400000
3700
30000
940
360
910000
160000
4400
300000
73000
390
9300
88000
78000
190000
2000
4600
500000
110
430
3900
89000
43000
96000
4600
750
2000
36000
500
6100
8600
8700
760
750000
540000
83000
860
6000
150
1000
350000
8800
360
45000
1000
190
36000
130
1100
340
24000
85000
1800
260
82000
8500
340000
72000
6600
10000
570000
6400
4200
540
4200
77000
60
2800
900
5600
4000
98000
670
59000
770000
200
1300
3200
660000
8700
320000
5400
790000
340
400
310000
650
290000
620000
790
600
14000
840000
470000
350
42000
240000
26000
36000
220
480000
710000
3900
190000
79000
660000
220000
20
420000
80
800000
62000
16000
73000
6000
300
50
47000
72000
240000
680
1500
370000
96000
7600
700000
4500
2800
540
490
8400
27000
740000
8500
68000
570000
60000
2600
7600
8100
480
4000
610000
940
960
9600
58000
490000
190
26000
100
130000
550
9400
42000
740
24000
70000
600
10
70000
3900
990000
20
90
720000
29000
170000
40
60
3900
100000
5200
20
54000
35000
570
9600
5100
700
49000
4100
4000
73000
36000
140000
970000
97000
170
11000
49000
20000
560000
960000
650
4900
580
850
310000
730000
5800
800
8700
28000
270
70
750
400
87000
90
500000
45000
59000
620000
6900
890
6600
920
400000
4200
520
86000
6100
440000
470000
4000
7800
7100
50
960000
5000
340000
880000
7500
460000
43000
70000
8700
640000
850
900
880
4300
200
350000
580
220000
2600
5000
3900
390000
6200
510000
5400
900
530
44000
9800
280000
110
70000
930000
300
31000
7600
8600
500
32000
75000
30
590000
700000
12000
320000
160
440000
4400
990000
500000
31000
680
56000
6200
99000
79000
100
550000
51000
280
130
7300
570000
8600
2400
500
3600
90000
360000
4800
880000
4300
4100
90000
920
720000
2500
7600
84000
5500
8000
16000
85000
2100
7900
780000
700
5700
220
43000
74000
970000
9100
330
890000
90000
6300
170000
51000
120
61000
2100
230
100
54000
2800
400000
890000
230
150
1100
91000
56000
510
81000
71000
1800
70000
70000
39000
940000
88000
620
520
7000
730
96000
4400
6700
8000
62000
95000
930
620
290000
310
300
3600
710000
90000
62000
110000
210
100
980000
880000
29000
8200
3500
81000
980000
6000
17000
39000
23000
12000
670
93000
9000
70000
3200
170
930000
820000
9800
610000
1600
8200
3600
950000
3400
680
610000
860
380
5100
710000
580000
480
7000
46000
2400
5000
96000
17000
42000
610000
26000
930000
5300
32000
830000
2600
10000
90000
410000
740
210
5600
510000
10000
810000
100
1600
1600
2500
320
87000
1900
70
240000
480
9400
40
920000
940
70000
35000
1000
820000
91000
210
2400
550
250000
470000
530
60000
430000
990
70000
680
890000
570000
29000
810000
1200
3700
500
70000
9900
90
610
6000
4000
450000
3900
620000
4000
470000
39000
870
3800
540000
97000
590
570
1200
8900
430000
150
9200
490000
950
460
490000
4500
77000
40000
110000
830000
990
450
8100
59000
580000
8400
37000
690
290
440000
110000
9000
770
410
540000
7700
570000
2500
60000
510
890000
430000
14000
2800
360
4500
180000
71000
6200
550000
64000
120000
370000
6000
65000
2000
78000
70
680000
58000
840
24000
2400
510
9200
9200
47000
14000
210
390000
460000
130
5500
480
400
4600
220
800000
43000
65000
270000
81000
5000
830000
560
79000
95000
880000
490
8700
82000
500
10
570000
490000
110000
940
190000
61000
540
89000
650000
740000
85000
30000
500
930000
590000
99000
6400
170
780000
920000
440
60000
89000
2000
3200
6000
260
280000
940000
88000
99000
440000
1500
60
67000
5700
4000
3600
560000
34000
48000
72000
580
48000
930000
430
940
340000
460
830
4700
8100
590000
6500
140000
1500
770
5800
480
92000
7500
550
7000
900000
92000
290000
93000
300
410
59000
700000
6600
2700
830000
52000
90000
390000
360
6400
880
620
490
98000
96000
210000
940000
370
75000
43000
9300
200
3400
150000
900000
350
580
80000
40000
550000
65000
39000
140000
420
630000
3000
130
130000
840000
5800
400
6100
370000
330
85000
98000
420
940000
7600
80
460000
70000
230
400
99000
3000
4500
33000
41000
840000
7000
740
17000
450000
840000
270000
890000
330000
610000
900
4700
530000
450
7500
7000
42000
89000
900000
560
180
8700
5700
5500
910000
90
4700
19000
9600
13000
90
28000
5500
52000
130000
6000
510
790000
40000
900
820000
900
260000
600000
6000
910000
520
8400
82000
7200
5500
4200
280000
8900
8500
7300
5800
480
250
68000
380
7400
440
650
730
750000
20000
580000
280000
930000
340
50000
400
990000
60000
9000
640000
210000
8600
860000
770000
48000
610
130
81000
980
630000
6100
740000
17000
430
48000
320
9700
40000
98000
430
370000
400
2000
43000
110000
410
2100
320000
39000
270000
2000
2300
950000
400
430
43000
750000
96000
84000
8200
910
7100
500000
7400
800
1100
79000
5300
200
62000
540
310000
910
830
220
220
39000
1100
9700
9200
350000
1600
850000
30
4400
41000
35000
2500
100
460000
430000
2800
780
900
2400
25000
820
6100
480000
460000
420
830
5200
2400
460000
32000
5000
440
44000
770
22000
33000
580000
9000
120000
850000
6800
13000
41000
960
70
940000
770000
93000
8000
950000
58000
670000
89000
370000
620
220000
370000
970
590000
60000
90000
20
50
640000
410
220000
70
880
780
2600
440000
80
10000
550000
17000
520000
5500
10000
90
15000
9500
76000
100
50000
500
190000
660000
700
55000
5700
9200
710
50
29000
400
9600
400000
93000
730
3000
910000
3400
62000
43000
700
140000
96000
3700
8200
9700
11000
5500
48000
39000
320000
920000
730
50000
480000
600
84000
290000
7500
450000
20000
4500
480000
89000
30000
90
75000
670
24000
67000
32000
69000
8100
8000
450000
130
13000
720
2900
500000
270000
3700
9700
380000
4100
960000
920
610
2800
1200
9500
24000
340000
190000
21000
1700
9200
860
49000
820000
37000
280000
41000
910
590000
4800
5000
28000
5600
700
430
990
80
1900
170
820
10
860000
2300
100000
6700
3600
1000
690
5900
68000
8000
1200
7600
320
3200
950
88000
940000
2800
600
420000
30000
410000
3500
30
9300
2800
5900
70000
15000
1600
530000
500
220000
950
3900
110000
77000
7100
92000
94000
550000
680
41000
60000
29000
11000
7200
350000
700
970000
38000
6600
6800
30000
42000
650000
370000
4200
11000
950
920
86000
9000
370
2800
75000
7300
650000
240
8900
750
55000
260000
100
8900
1300
8900
75000
68000
890
22000
10
1700
640
28000
2800
3400
230000
3100
400000
470000
86000
2800
1600
3600
490
16000
770
3300
420000
13000
61000
3000
230
3500
110
120000
3100
90000
8600
89000
980000
730
380
41000
140
510
420
190
300
130
25000
8700
1700
110
15000
3300
8600
620000
830
31000
2800
430000
36000
530000
5200
950
1200
200
93000
54000
30
45000
4500
20
5800
410000
12000
14000
900
710000
78000
360
15000
830000
2100
7000
770
7800
3100
33000
14000
76000
21000
6700
12000
64000
510
7200
99000
6300
75000
1600
2200
680000
590
1100
6300
240
11000
630
650000
380000
550000
520
750
5600
1100
67000
630
9100
360000
110000
21000
570
75000
890000
820000
510
700
24000
20000
430000
500
420
970000
260
870
56000
600
16000
590
680
65000
1800
400
360
990
50000
64000
750
960000
360
1000
700
750000
1000
5100
860000
510000
300000
270000
930
11000
90
46000
27000
52000
620000
880
89000
86000
9100
360
1000
140
70000
5700
1000
5900
740
71000
840
77000
280
750
7500
8200
510
17000
1900
410
6300
18000
38000
360000
970000
430000
790
130000
26000
9900
980
420
73000
77000
690000
8300
10000
80
270
910000
470
44000
880
760000
29000
740000
93000
5000
7200
400
72000
95000
48000
90000
44000
4900
510000
70000
400
580
35000
3000
100
580
2800
42000
790000
550000
58000
40000
90000
58000
7300
810000
20000
5300
530000
980
380000
5300
50000
100000
9000
76000
9000
40
520000
6800
5000
920000
210000
490000
50000
210
1400
8300
370000
760000
64000
36000
46000
97000
3400
83000
200
910
37000
9000
4000
4600
270
40000
700000
6000
2000
980000
56000
820000
9200
900000
500
0000
350000
6900
820000
510000
90000
670000
440000
6900
250000
410
9600
360
3800
120000
660
35000
64000
220000
62000
18000
99000
48000
22000
7600
