4100
8600
96000
770
78000
70
15000
3000
10
960000
310000
350
8300
88000
590000
690
610000
6300
37000
950
910
250
90
1200
5000
47000
3500
460000
6000
78000
10
38000
4000
290
710
300
680000
350
440
18000
60000
76000
250000
1900
78000
640000
580000
950
500
6900
9900
6600
740
7900
4900
80000
570
320000
20
430000
81000
640
1400
92000
5900
93000
490000
870000
220000
120
580000
14000
90
10000
650000
3900
8800
6400
2400
830
49000
8900
920000
41000
120
43000
13000
59000
74000
850000
670000
60
35000
74000
550000
990000
93000
180000
2100
930000
220000
800
5700
480000
960
1900
560000
41000
180000
870000
9900
500
960000
970
2600
20000
730000
7900
24000
7000
720
8500
140000
330000
4600
63000
980
990
7200
1600
360
4000
450
830
58000
3000
58000
980000
20
300000
570000
55000
160
75000
94000
75000
510000
1000
440000
20
500
380000
380000
28000
82000
42000
6000
9400
2900
76000
190000
51000
99000
710
8700
590000
360
8000
150
550
900
6900
82000
60
540000
3900
30000
90
36000
22000
48000
120
230000
650
130
350
33000
70000
59000
300
57000
1300
340000
45000
340
6400
190000
1300
110000
23000
37000
8100
770
730
110000
890000
38000
620
8400
390000
130
90000
49000
750000
5700
6800
670000
4800
110000
7900
50000
12000
7300
20
650000
1600
1600
610
510000
280
8600
370
780
470
230
500000
390000
530
70000
73000
140000
120
960000
1400
660000
520
330000
26000
60000
200
90000
5400
5800
41000
59000
320
73000
7800
900
4200
870
8700
70
600
3900
120000
550000
2000
820000
580
670000
330
350
180000
660000
780
57000
840
2800
750
280
850
5500
7600
200
980
340000
3600
9800
5900
620
140000
1500
85000
11000
4000
70
570
380000
38000
750000
26000
50000
470
49000
490
19000
130
8700
5600
570000
110
660000
680
100000
8900
3400
10000
4200
180000
53000
4000
660000
890
540000
60
96000
400
1500
650
74000
830
340000
4700
74000
9600
800
100
14000
670000
460
8700
38000
7900
4500
480000
650000
45000
50000
6600
820
76000
120000
3000
230
7400
9900
800000
400
21000
25000
110
670
8900
920000
110
840000
95000
660000
520000
840
41000
140
50000
380000
7500
41000
530000
2700
200
3400
8200
8700
190
6700
370
4200
990000
800
89000
170
9300
40
300000
320
300
200000
22000
760
28000
610
300
53000
900000
920000
500
600
820
980
2100
630
270
220
4100
9700
580000
300
31000
1300
210
39000
770
8900
290000
99000
5600
60000
750000
57000
870000
960000
930000
200
9000
250
240
320
7700
520
9900
5500
220000
4800
8000
570
700
400
710
490
85000
10000
820
2000
590
30
3700
960000
25000
610
2000
320000
39000
150
9600
2100
90
860
920000
4700
75000
10000
7000
52000
460
28000
3000
3300
7500
600000
940
920
160
850
88000
230
630000
8400
90000
760
9900
520
670000
9700
50
40000
960000
2400
790
63000
8000
6300
440000
10000
72000
83000
61000
8000
4500
90000
3500
2700
78000
200
820000
730
7200
50000
86000
99000
69000
2100
130000
470
780
19000
340
92000
870
2300
550000
990000
9500
480000
20000
840000
20000
510000
440
68000
940
1900
930
890
200
25000
920000
10000
340
900
230000
6000
20000
110
130
850000
100
460000
460
180
57000
85000
850000
560000
8400
7300
9100
580
700000
1800
320
100
4100
9200
730
800000
42000
3200
3000
800
4200
1700
370000
39000
170
4900
280000
910
27000
7900
3900
99000
63000
79000
2300
4400
800
560
900
42000
910000
5300
850
2700
750000
4500
570
6300
130000
39000
830000
490000
720
33000
110
380000
410
450
890
200
610
4200
460000
6500
85000
870
520000
3600
69000
70
5400
10000
180
29000
800
3900
420000
540000
340000
540
40
37000
3300
480000
5200
5300
830000
100000
4300
20000
90000
7200
3800
8700
810
860000
84000
460000
20
48000
84000
400000
41000
650
61000
630
590
99000
24000
9100
720000
4800
370
65000
46000
470
430
8900
800000
30
590000
280
8200
3700
51000
470
89000
94000
220
980
390000
70000
500
2300
4400
82000
6000
110
880
550
5000
81000
470000
13000
170000
8400
770
67000
150
470000
320
67000
5100
130000
92000
96000
4400
4900
3900
63000
66000
4200
3500
60000
300000
640000
6000
80
460000
730000
7100
84000
63000
930000
69000
640
14000
60000
94000
940
33000
210
17000
100
410000
580000
33000
87000
8200
90000
340
200000
60
20
830
9900
900
550000
30000
4200
570000
440000
900
4100
630
280
35000
360000
9800
8300
8600
260
700
930000
320
400
970
570000
900
78000
6000
730
530000
83000
610000
630000
690000
800
46000
52000
8100
700
69000
140
8000
320
720
1000
9800
90
330
140000
5000
510
3900
63000
92000
400
34000
44000
780
720000
65000
490
2800
1400
400000
3800
2900
450
990000
41000
160000
27000
96000
360
7900
1000
720000
260000
750000
90
47000
1800
920
590
480000
500
4300
63000
77000
5300
40
390
3700
240
8200
790
7400
80000
4400
49000
620000
500000
3300
89000
720
650000
340000
380000
980000
4000
4300
75000
20
49000
10000
5700
5000
7000
680
500
61000
11000
940000
6900
580000
56000
950
1800
7400
3500
570000
15000
250000
350000
55000
30000
210
980000
1000
570
960000
9300
700
6300
360
250000
9000
580
460
490
500000
55000
26000
6400
4000
46000
5900
1400
500000
9200
5900
540
6000
930
63000
470
36000
690
540
20000
430000
4200
6900
470000
3400
25000
970
12000
120
130
94000
550
20
1300
970
5000
65000
490
30000
790
30000
300
9200
34000
6000
240
5700
8900
73000
770
7800
760000
160000
73000
790
8500
92000
290000
700
68000
380
10
70000
630000
95000
67000
940000
430
900000
710000
550000
73000
4600
100
580000
90000
66000
670
440000
47000
30
8800
50000
730000
200
360
72000
2900
44000
3600
810
510
130
300
550000
3800
360
31000
3000
210
80
45000
2700
74000
30000
880
510
1100
100000
450000
24000
400
6100
99000
620000
630000
540
19000
11000
7600
62000
62000
600
5000
860
520000
5200
79000
6900
6000
740000
76000
850
53000
36000
260
460000
40000
320000
750000
47000
69000
34000
89000
570000
92000
4000
180000
50000
830
760
34000
50
220000
59000
600
56000
33000
80
370000
790000
80
98000
780
820
760
770
6300
20000
500
52000
93000
270000
85000
74000
590
940
510
750
530000
710000
950
640
990
810000
87000
63000
2700
340000
25000
140000
42000
3600
220000
92000
930000
10000
660000
55000
100000
39000
810
600
440000
270000
37000
410
51000
940
360
360000
590
860
1900
180000
130000
880000
840
95000
9300
96000
90
450000
31000
300
64000
1200
57000
490000
550000
50
4000
10000
300000
360000
240
260000
1100
85000
350
5700
7700
660
950
600
700
20000
2000
960000
7300
690000
70
2700
150000
100
630
270
30000
44000
6400
62000
390
470
4200
870
1100
98000
790
100
70000
3000
950
9500
4300
670
930
1100
210000
17000
62000
210
3400
820000
6600
910
210000
140000
300000
590000
310000
5700
9500
600
870
10
130000
220000
2800
970000
89000
44000
57000
8600
830
50000
17000
98000
430000
7000
90
30
90
490
260000
32000
3500
1300
590000
990000
700000
210000
480
280000
3900
20000
360
3400
63000
770000
9000
94000
20000
2200
96000
5600
80
230000
130
15000
91000
69000
5000
740000
750
36000
500000
240
250000
120000
750
4700
3900
60000
710
450
14000
9200
3900
1000
75000
470
460000
7900
950
77000
85000
9000
980
3300
7400
180
9100
830000
1100
800000
34000
5100
330000
440000
670000
440000
44000
9400
570000
160
4000
3000
7400
880
800
770
580
4500
43000
690
6200
220
340
450
6000
400
9000
2800
620000
680000
10000
8200
30
7900
76000
460000
35000
720
38000
97000
6300
780000
150000
53000
290000
100
6500
520000
31000
780000
310000
1000
760000
11000
2500
7700
480000
210000
4700
7400
820
330
5800
9000
13000
810000
5700
23000
980
7700
710
320000
5000
550
970
290000
8200
4800
260
450
440000
6200
390000
3600
89000
50
91000
63000
200
120000
310000
200
890000
58000
720000
5300
980000
5100
19000
27000
450
1300
190
960
30
30
2400
670000
6600
3300
5100
59000
43000
550
5900
35000
53000
47000
100
71000
420000
280000
6800
420000
300000
9200
88000
920000
60000
7300
24000
290
560000
360000
110000
92000
8000
770000
13000
11000
470
600
520
400000
140
290
510000
85000
7900
350
8200
9000
780000
9900
3500
120
42000
530
840
7700
4100
75000
510000
40
830000
90000
1300
79000
440
8300
18000
6600
35000
3700
1300
20000
270000
320000
60000
8700
280000
720000
33000
680000
71000
720000
7300
98000
560
60
420
490000
80000
770000
500000
50000
680
15000
7800
62000
7900
95000
1400
6600
330000
40000
70000
9000
350
91000
18000
31000
80000
610
670000
13000
130
790000
960000
460000
10
9900
83000
20000
4900
3300
260000
380000
290000
2500
2500
560000
84000
5100
43000
27000
640
370
580
2600
1400
580
270
64000
9500
950
420000
600
660
480000
9400
770000
4000
590000
40
36000
49000
8500
500
140000
60
960
780
90000
58000
870
54000
10000
95000
9300
5500
69000
430
350
72000
6200
5500
160
660000
2300
160000
650000
100
830
8000
95000
7900
410
970000
17000
7300
33000
450
40000
13000
230000
820000
130000
950
9800
90
2000
57000
2500
5700
440
89000
920000
640
400
6900
67000
920
10000
80000
200
930000
420000
23000
72000
5000
960000
430000
6200
90000
200
3300
320000
130
720
910000
530
28000
7300
6000
850000
950000
5100
860000
78000
540
5000
770000
25000
310
30
38000
450000
700
520000
770000
460
430000
9200
950
180
700000
5100
130000
810
420
140000
8000
1800
7700
9200
600
90
98000
40000
760
65000
6400
2900
880
54000
140
3700
280000
590
5700
5000
47000
130000
43000
3800
5700
650
170
490000
700
100
2400
820000
5800
7400
7300
25000
540000
1200
38000
980
250
1000
900
110000
780
36000
750000
540000
400
4200
140
40000
24000
370
6500
730
530000
9300
52000
74000
4800
56000
53000
950
820
15000
920
82000
16000
430000
20000
120
17000
4000
90000
3000
6900
100
650
43000
220000
98000
90000
66000
650000
310
7700
970
450
4500
990
90000
860
940
230000
400000
160
5300
780000
390000
52000
48000
920
630000
910000
770000
16000
580
530
1100
94000
5700
870
120
630
930000
6000
420
1500
100
770
7400
200
3400
540000
46000
290000
49000
4600
880
9700
450
680
49000
160
370000
330000
290000
3200
200
850000
270000
91000
1100
97000
530000
160
450
310
1200
570
190
810
4200
540000
110
1400
590000
970000
580000
44000
1500
490
6600
690000
270
28000
4000
6100
670000
24000
5200
50000
44000
1600
11000
7500
600
5900
460000
460
910
200
7400
770
330000
450
270000
270000
94000
600000
3000
740
27000
24000
330
310000
4700
180000
54000
840
960000
93000
97000
29000
390
30000
790
5300
380000
130
36000
5500
2800
410000
12000
82000
530
8800
130000
570000
80000
32000
400
8000
87000
3000
720000
9000
210000
980000
74000
53000
3900
630
2500
260000
560000
7200
140000
3300
40000
94000
520
69000
49000
960
9600
6600
700
570
880
460
610000
61000
590
51000
9500
14000
970
980000
240
880
920000
940
130000
7000
280
780000
61000
10000
800
6500
1200
24000
1000
490
950
350
690000
92000
100
1600
390
3700
27000
730
4400
3000
380
2000
630
1300
9000
73000
930
6400
85000
780000
90000
150000
500
1200
150
820000
25000
44000
7400
660
57000
3700
900000
660
36000
4300
98000
810000
820
19000
480000
1900
590000
39000
500000
62000
790000
420000
100000
800
580000
65000
62000
980
8700
90
93000
61000
480
94000
7000
86000
820000
31000
5000
490000
5600
7800
80
1000
17000
68000
110000
110000
91000
860
6100
2000
910
790000
68000
650
21000
0000
50000
900
2400
48000
34000
150000
