98000
990000
220
30000
59000
3300
340
9900
82000
4500
29000
3200
950000
34000
990000
950
6200
930000
6000
470
62000
9300
63000
160000
940
8600
99000
2000
610000
630
8800
300
8900
520000
200000
560000
78000
4400
60000
6000
11000
990000
1000
9200
40000
4700
2800
61000
30000
84000
6900
290
660000
22000
53000
7900
610000
8900
50000
220
770000
3400
8800
5700
87000
2700
510
80000
970000
780000
150
8100
8000
120
230000
6500
200
470000
1700
4500
370
960
100000
430
580000
96000
66000
9000
4300
720
1300
520
760000
79000
950000
950000
14000
9000
8400
380000
77000
760
790000
580
120
8000
98000
6300
670000
460000
1100
920
57000
40000
650
940
250
79000
1000
930
210
7700
9600
340000
2300
1900
4800
74000
590
2300
93000
5100
810000
920000
3400
67000
14000
750000
270000
730000
37000
580
78000
900000
140000
580000
9700
680
52000
24000
3900
7500
1400
9500
470000
9000
970000
5500
20
770000
47000
430
50000
1800
330
4200
37000
58000
7700
880
6700
200
59000
900
8700
440
700
150
74000
7900
590
500
4100
880
84000
1000
100
66000
6900
610000
660
890000
110
71000
150
1000
390000
360
900
390
9400
230000
850000
4900
950
170000
900
3400
6700
17000
83000
91000
73000
870000
950000
890000
77000
98000
83000
35000
400
40
210
45000
20000
25000
6700
3600
830000
70
1600
79000
2800
6800
840000
270000
780
950
8500
980000
2000
9500
840000
2800
40
8700
9400
170
98000
7200
20000
80000
220000
54000
690000
410000
900
100
480000
780000
54000
830000
640
390
770
98000
190000
370
26000
8900
430
54000
810
4000
8800
370000
7000
280000
3500
120000
600
300
200000
450000
6800
2700
140
28000
7100
590
970000
330000
780
8300
630000
36000
37000
1700
48000
430000
170
600000
95000
9700
55000
3200
800000
7300
7000
350000
30
630
10000
9200
570000
98000
4400
120000
780000
86000
1000
35000
2000
710
870
8200
550
290000
92000
850
82000
7800
75000
170000
790
8800
4800
56000
10
190000
7000
600
1200
780
10000
560000
100
880000
630
67000
9800
78000
340000
150000
25000
390000
660000
32000
300
120
6300
60
7300
60000
38000
950000
5700
9800
200
40000
180
9700
650
4300
480
21000
200
7700
990
910
97000
820
1900
850
550000
7700
1200
220000
5500
7800
690
240000
180000
330000
410000
920
93000
630
6800
690000
2400
60
93000
32000
740
3800
6900
94000
170
37000
96000
5500
660
2500
360000
680
38000
740000
210
82000
960000
1500
8300
220
570000
52000
490
860
55000
370000
60000
7100
240
14000
9000
11000
9100
960
960
3100
91000
310
500000
250
25000
6300
21000
560000
80
350
600
980
230000
230
64000
970000
91000
600
90000
89000
4000
88000
48000
43000
75000
650000
80000
830000
660
59000
860000
840
640000
42000
87000
180
140
4900
250000
3300
250
600
66000
810
48000
970000
560000
1300
1000
870000
430
570
70000
900
810
9100
780000
84000
3300
18000
6000
22000
100
300
220
830
900
90000
7000
75000
570000
140
910000
9400
2100
590000
5200
7500
78000
3700
48000
15000
49000
630000
480
39000
4600
39000
56000
83000
640000
220000
900
43000
1900
28000
590000
7200
22000
5100
61000
53000
9000
3600
660
7100
250000
97000
670000
6200
3600
38000
2200
11000
340000
470000
3200
87000
63000
980
140000
720000
7600
410000
490000
73000
27000
4500
69000
1000
71000
1300
5100
920000
3400
800000
9800
430000
4300
690000
6500
28000
560000
270
660000
95000
4700
950000
650000
180
39000
16000
64000
55000
8800
80
1900
740000
850
50000
410000
770
480
4900
600
17000
24000
950
250000
67000
640000
82000
2500
900
340000
500000
670
500
140000
200
13000
9900
150
6000
360000
890
170000
330000
610000
200000
150000
620000
980000
120
410000
600000
2700
10
110000
18000
940
70000
550000
150
380000
30000
86000
540
160
580000
390
9900
960000
42000
95000
890
55000
3500
250
70
720000
42000
17000
32000
230
3300
200
430
40000
5300
12000
13000
62000
280000
70000
6300
230
180000
700
790
620000
300
6500
8000
930000
480000
150
850000
58000
12000
16000
53000
4000
85000
4500
400000
9600
82000
810000
930
2700
820000
380
1600
500
200000
110
60
5900
9700
100
20000
390000
2000
340
23000
470
59000
82000
25000
60000
84000
90000
48000
120000
4000
200
900
330000
20000
2900
510000
230000
34000
41000
870000
5200
840
90000
500000
240000
260
120
720
31000
450000
71000
89000
110
98000
530
3600
790000
530
10
84000
5800
4800
640000
48000
180000
6300
70000
2300
540
570
670
130
11000
50
360000
170
250
2400
8200
31000
10000
78000
94000
88000
70000
68000
380000
3600
88000
370
20
210000
100000
27000
400
80
56000
770000
320
520000
630000
590000
4900
3500
6100
690000
500
440
230
800
940000
5500
31000
2900
450000
780000
92000
9100
720
50000
9700
620000
410000
70000
560
29000
16000
82000
9500
78000
630
2300
32000
150
810000
3000
4700
560
420
750000
72000
3000
440000
62000
7000
1800
45000
62000
630000
49000
1200
12000
4000
7900
69000
3200
30
730
680
6600
41000
200
61000
3000
9300
470
22000
22000
71000
390
75000
6400
73000
570000
840000
83000
44000
81000
6200
63000
5500
160
210
90
6400
600
3700
500
7400
9000
1800
150000
980
86000
4700
96000
70000
690000
440
700
160
30000
2600
62000
19000
6900
7800
950000
500000
3000
370000
710
95000
300
1600
110000
550
940000
71000
410
870
980
7000
520
22000
610
340000
80000
720000
7100
220
5200
300
65000
60
28000
150
6300
8700
5800
39000
90000
520
140000
5500
250
5100
520
400
390
830000
82000
240
490000
250
3900
710
360000
3800
8500
900000
2900
5000
4900
400
17000
10
410000
370
860000
5700
5400
500
7200
420
910
550
75000
76000
60
5200
130000
130000
80
890000
530
220000
100
210000
200
22000
670
5000
900
350
8500
990
40
66000
610
290000
280000
360000
89000
41000
100
520000
18000
8300
9600
170
57000
840000
9400
580000
91000
8900
380
8000
80
7300
40000
500000
880000
1100
3200
780000
600000
96000
220000
7000
1200
190
34000
4300
5700
130
6900
210
88000
7100
240000
410
68000
39000
29000
15000
610
670000
320000
42000
400
10000
7100
89000
47000
5300
80
1300
72000
920
8000
340
550
53000
320000
280
580
90
740
9700
8400
550000
240
80000
800
4000
170000
6700
81000
540000
680000
8900
240000
940
10000
50000
99000
6000
350000
39000
390
990
2600
840000
8300
40000
69000
23000
810000
6700
3800
20000
2800
30
290
55000
450
680000
700
87000
10
990000
230
540
63000
9100
420000
230
240000
65000
830
150000
7300
42000
430
7200
100
64000
610
61000
200
880000
4800
42000
2300
590
550000
7800
980000
1600
100
94000
83000
2000
9500
450
75000
48000
37000
2000
2200
400
330000
91000
740000
32000
6300
200
3500
720
780000
8400
530000
540000
210000
8500
720
2600
26000
32000
4900
690000
99000
6200
8800
83000
970
46000
83000
40
1000
620000
850000
69000
840
31000
990000
290
49000
420
650000
270000
4700
670
4900
690000
940
100
650000
740
76000
77000
140000
870
3700
60000
1400
1400
9800
760000
41000
7400
160
5000
900
980000
140000
230
49000
78000
4900
7300
10000
2200
550
130000
990000
590000
830
880
610
2800
24000
280000
39000
550
24000
760
89000
290
320000
970000
700000
80000
5400
60
9400
770000
8500
40000
4800
5000
21000
300
400
4300
880
53000
72000
960000
7500
890000
200
4800
640
370
690
5900
390
800
8800
59000
930000
910
260
740000
10
5300
230
620000
3300
650
410000
4600
1700
9300
130000
580
2400
9000
62000
520000
730
6600
82000
420000
9600
5700
19000
110000
14000
610000
850000
100
540000
770000
330
340000
710000
480000
810
100
380000
6600
1900
8300
39000
340
910000
14000
9100
330000
210000
500
5000
3200
3000
600
10000
800
730000
180000
3500
37000
540000
330000
8200
970000
800000
90
180
71000
1400
880000
510000
39000
650
26000
81000
700
7000
3600
810000
1500
190
160
63000
100000
630000
95000
4300
570000
800000
38000
68000
410
150
240
830
2700
950000
720000
52000
93000
1700
4500
950000
530
250
6500
6800
64000
8000
10000
940
94000
6000
90
840000
600
56000
790
480
89000
3200
720
60
760000
100000
75000
50000
96000
570000
110000
690000
250000
360
6300
420000
15000
8900
820
81000
6200
9900
38000
730
850000
4100
450000
5500
40
7400
910000
23000
490000
470000
90000
5300
840
7400
330000
760000
510000
940000
970
30000
7900
54000
93000
7300
4500
470000
400
450
390
6300
950
38000
27000
3000
43000
400000
20000
85000
780000
6800
70
840000
7400
920000
5100
410
72000
880000
5000
940
590000
600
49000
18000
120000
60000
77000
90000
640
4200
550000
8500
89000
240
34000
46000
130
8600
95000
390
4400
760000
33000
60000
88000
810
6100
560
7900
3100
210
4800
5200
690
55000
6300
230
530000
290000
20000
78000
8000
600
74000
81000
82000
670000
150000
310
17000
540000
59000
95000
310
120000
71000
860
660
100
990000
73000
250
370000
10
68000
35000
750000
200
440000
20
54000
630
680000
6400
40000
510000
62000
50000
3500
330000
14000
180
520000
380000
670000
760
700
30000
610000
8000
660000
47000
17000
270000
820
87000
670000
50
500
530000
800000
9400
84000
450
1700
4500
42000
83000
420
59000
33000
9800
600
4700
9900
38000
640
70000
280
78000
6000
660000
170000
120
630
520000
410
400000
6700
80
7700
780
46000
510000
2400
43000
8000
4400
820
8100
9300
700
580000
24000
14000
240000
9500
940000
3400
67000
7800
1700
10000
380
860000
69000
8000
7700
110000
3500
920000
4600
25000
290000
3600
31000
900000
2500
7000
89000
310
540
510
260
6100
41000
65000
770
7000
4400
39000
240
63000
460000
39000
2600
26000
87000
2200
7000
20000
250
720000
340
940
580000
340000
94000
530
9200
210
4200
100
46000
10
47000
760
8000
5100
900
37000
530000
530000
37000
3200
16000
630
290000
580000
15000
66000
1000
110
280000
320000
26000
6000
51000
4700
32000
4600
4600
340
110000
930000
750
8100
990
600000
820000
80000
64000
330000
990
550
520
330
170
530
250000
670
4700
3800
6700
56000
450
390000
220
580
510
520
7900
910000
460
85000
960000
750
850
84000
230
860
40000
310
33000
220000
5700
95000
660
750
100
85000
62000
58000
930000
74000
290000
84000
540000
580
240000
820000
4000
8400
53000
270000
120
63000
890
400
270
5400
55000
4800
270
700
70000
360
380000
3800
51000
45000
3100
3100
3800
40
140000
26000
56000
860000
56000
250000
68000
25000
68000
960
750000
30000
1500
430000
350000
470000
450
320000
460
1200
220000
910000
97000
7600
4400
88000
870000
960000
600000
8400
860
2900
670
6300
7000
370000
88000
150
5600
380000
86000
78000
260
320
860
6300
800000
860
880000
9200
230
9500
610000
1700
970
7700
510000
29000
7400
1600
1200
78000
760000
3700
8700
920000
560000
8900
60000
8800
6900
25000
790000
31000
70
120
37000
3600
8300
3700
2000
120
7100
200
450000
90000
540000
29000
700
92000
800000
680
3900
870000
6200
770000
7500
680
450
54000
17000
8300
22000
790000
930000
560
1000
730000
74000
40000
990
3600
1400
4500
730
200000
40
15000
5100
110
620
850
350000
4200
96000
210000
600000
83000
4800
400
550000
2100
5000
780000
860000
61000
1300
9600
6700
660000
51000
5000
30000
890000
33000
99000
290000
560
820000
960000
150
77000
400
770000
46000
92000
310000
28000
750
5900
940
1100
9400
160
7300
6300
4900
840000
350
94000
560000
170000
90000
64000
240000
2100
3400
610
1300
2900
400
760
3200
490
9800
9600
9100
700000
800
56000
580000
200
330000
280
21000
7600
11000
530000
600
51000
250
620
74000
110000
50000
7600
6800
500
49000
290000
400000
4600
73000
70000
23000
800
4300
3900
970
81000
55000
