860
830
3000
610000
500
860
7200
140000
100
490000
3100
260
820
3200
6900
9200
120000
500
5900
60
5200
110000
78000
30000
50000
600
250
50000
290000
49000
740000
160
5500
250000
940
770000
400
830
4300
8800
800000
760000
640
930000
200
78000
520
27000
930
5800
510000
130
72000
4400
2000
50000
5800
460000
900
48000
20000
370
460000
220000
3800
960000
11000
430
170
300
270
480
79000
950000
20000
5500
900000
37000
67000
98000
74000
640
740000
370
18000
530
45000
9600
220000
960
840000
500
20000
2500
5300
250000
7100
130000
7000
59000
88000
640000
900
130000
37000
35000
750000
1800
220000
420000
250000
660000
25000
20000
15000
900
25000
30
360000
650
61000
4000
2600
42000
43000
50
590
80000
6400
760
340000
720
98000
57000
16000
90
7800
91000
3200
520
160000
380000
200000
750000
75000
50000
1000
2000
7200
820
950
5900
120
280000
200
710000
47000
510000
700
910
210000
89000
780000
610
5000
730
320
680
330000
470
800000
160
820000
44000
700
79000
380
5100
4900
6900
9100
240000
630
59000
590000
8300
4400
7200
720
220
200
20000
300
680000
5600
210000
8700
240000
50
1400
60000
3100
50
160
60
640
760000
20
9900
240
72000
380
340
2400
9500
60000
96000
67000
250000
350
5500
410
4800
2000
80000
70000
610000
750000
620
54000
220000
620
15000
3700
2500
890000
36000
950
42000
960000
350000
700000
470
190
450
43000
230000
5100
63000
4600
6100
6600
240000
290
26000
2000
7000
110000
8900
930
21000
900
34000
180000
7600
43000
660000
1500
4000
8000
9600
680
770
91000
23000
4000
350
670000
370
120000
97000
960
730000
4600
2000
40000
420000
520000
340
5700
260
7000
290
50
930000
15000
43000
86000
12000
400
75000
1300
20000
930000
540
290
8500
690
190000
160
130000
57000
970000
860000
160000
41000
3200
540
87000
4600
670000
9700
470
79000
31000
69000
240
33000
9300
1100
510000
48000
7000
770000
820
8000
87000
1300
9700
570000
500000
4600
460000
9500
29000
980
34000
370
370000
30000
7400
320
4000
800
8100
780
5300
29000
7200
1100
6900
800000
9600
590
66000
880
2700
86000
570000
33000
5700
170
320000
2500
540
540
680
830
380000
10000
660000
210000
3900
47000
760000
890
50
500
7400
7500
270000
70
48000
750000
640000
650
45000
470000
90000
490
150
790
670
7800
30000
110
1600
40000
920000
52000
300
8500
530000
630
16000
99000
850
270000
670
940
6700
530000
970000
69000
6800
32000
1400
430
980
510000
40000
920000
8000
4900
1200
260
240000
8200
470000
7900
5300
390
7300
9700
1500
70
62000
1600
760
940
92000
770000
710000
20000
7000
40000
2400
170
270
550
410000
2000
61000
290
7100
100
290000
70
5500
480
8400
340
5600
95000
220
7900
800000
3600
1300
95000
900
760000
150000
990
91000
870000
360
170
810000
10000
6100
720
940
650000
530000
970000
850000
1200
870
90000
8400
770000
590000
650
700000
790000
8200
940
7500
23000
77000
680
19000
430000
3800
350000
6900
4800
180000
4200
140
68000
490000
810
560
200
800
830000
440
4000
92000
300
920
880
290
150
1800
340000
9600
690000
240
2600
73000
940000
3200
2500
890000
7600
8400
520000
8100
660
470000
460000
74000
290000
2900
2300
270000
90000
650000
40
6100
78000
69000
130
670000
200
620000
570
3400
66000
6600
3900
800
58000
1800
1300
22000
7900
4000
470
4400
250000
520000
900000
8300
98000
440
240
50000
900
16000
610
160
170000
13000
43000
20
86000
120000
160
7500
2200
7500
920
71000
1400
8200
190
31000
660
6700
180000
20
100
60000
8800
690
63000
920
880
830000
3300
20000
41000
7500
530
72000
88000
30000
290000
97000
3000
860000
81000
520000
2300
8500
1000
38000
740000
12000
16000
46000
30000
1900
36000
420000
560
42000
3000
48000
7500
6300
3300
9800
9800
35000
90000
780
540
710
8600
730000
90000
720
95000
640
650
590
45000
2800
89000
55000
900000
2900
120000
870000
7400
40000
4500
140000
210000
14000
120000
730000
290000
2000
4000
3500
3200
58000
880000
850
950
4600
390
6400
800
390
8800
400
9800
730000
860
3800
4100
540000
3000
850
620000
580
210
120
990
94000
500000
43000
12000
89000
3700
4000
60000
100
120000
1800
830000
50000
220000
520
76000
91000
510000
140
9600
86000
73000
570000
6500
12000
6700
75000
670000
460000
91000
8000
580000
6700
71000
320000
10000
250000
430
320
3600
49000
390000
530
540000
320
7300
3300
61000
210
490000
8500
370000
530000
91000
140000
200000
330000
650000
53000
4100
8000
60000
8900
6900
170
540000
380000
640
450000
5600
670000
8600
410000
220000
920
45000
580
610000
40
240000
600
410000
220000
80000
630
250
29000
9300
9400
400000
65000
500000
6800
6300
280
510000
1300
3600
27000
7800
60000
41000
6900
78000
420000
400
64000
36000
4000
11000
9700
59000
5700
9400
50000
950
76000
47000
370000
40000
770
390
4100
140
180
630
92000
52000
870
780
290
54000
35000
3400
710
800
860000
52000
8000
190
75000
390000
34000
80000
10
18000
600
200
960000
260
630000
13000
320000
900
72000
380
300
78000
270
70
8700
610
280000
810
900000
9900
80000
98000
86000
2700
440
28000
3000
70000
840
120000
460000
5100
49000
750000
5000
7000
230000
60
1900
110000
1900
700
7200
4500
74000
7200
7100
83000
4500
62000
2500
440
690
92000
830000
280000
780
9700
6000
660000
8600
72000
270
540
370
750
75000
1000
350
9600
62000
370
140000
30
1500
4500
930000
3300
130000
30
680000
77000
6400
43000
8300
4700
8000
94000
430
90000
85000
340000
85000
670000
930
7800
530000
20000
63000
43000
99000
270
71000
600
1600
640000
5800
7600
380
380000
610
820000
6900
790000
750000
640000
84000
700
75000
760000
5800
240
880000
91000
61000
340000
620000
29000
80000
1200
860
6000
17000
12000
64000
2800
330000
120
430
520000
470
810000
600
730
5200
800
74000
950
120000
79000
620
830
73000
21000
68000
340000
390000
20
450
5500
10000
8700
5700
1500
4600
22000
8000
6400
580000
95000
720
900
46000
350
870
700000
93000
620
220
59000
680000
3100
290
26000
30000
670000
510000
50000
400
7500
95000
610000
7900
100
2000
420
510
8400
7800
250000
100
6100
700
230
680
340000
1300
710000
42000
30000
51000
670
6300
5700
420
5000
460
59000
400000
5100
110
87000
65000
600
93000
34000
8700
40000
720
86000
280000
15000
320000
170
830
22000
9300
500
5700
82000
760000
7800
26000
850000
430000
560000
6400
68000
590000
380
820000
86000
46000
87000
16000
100
6700
10000
940000
980000
460
620000
160000
240
63000
2400
190000
7300
5100
100000
15000
200000
28000
8900
8700
2000
660
22000
40000
540000
670
13000
280000
2000
830
830
12000
80000
450
57000
94000
75000
88000
330000
9000
61000
9900
520000
10
66000
19000
850000
270000
500
790000
900
690
620000
90000
58000
940000
290
410000
520
250
810000
340000
980000
190
7900
700000
800000
2600
25000
420
1700
160
980000
240000
910
810000
590000
91000
47000
8400
100
940
82000
140000
760000
67000
470000
130000
560000
450000
790000
92000
29000
9000
8000
26000
110000
950000
130
620
38000
820
71000
250
8000
750
5000
820000
5300
3500
95000
54000
80
66000
9700
380000
850
490000
5700
5600
1200
3700
240000
870
780
740000
8900
16000
500
400
310
52000
30
22000
76000
33000
5000
17000
280000
820
85000
50
330000
86000
8900
16000
6400
580000
320
640
20000
570000
76000
2300
620
690000
8400
20000
100
210
360000
77000
60000
680
290
6500
270
740
780
46000
7000
5600
1000
82000
8000
46000
93000
6700
200
100000
8400
67000
2700
14000
20000
420000
61000
30000
280000
600
380
930000
930
8500
210
730000
180000
720
520000
1600
910
840000
88000
5900
79000
10000
82000
410000
24000
95000
990
7600
490
180000
360
2800
48000
14000
650
860
3900
5100
23000
410
400
670
28000
130
3000
770
41000
9400
8900
980000
370000
7800
440000
540000
67000
140
70000
7200
8200
36000
7500
660000
690
370000
10000
2600
4000
6600
97000
21000
820000
7300
9500
290
420000
28000
840
3300
49000
310
340
3000
200
5200
70000
9700
2700
930
850000
220000
570
950
9300
98000
62000
340
6100
2400
790000
200000
33000
1800
740
350000
460
910000
420
290000
9400
810000
910000
700000
640000
810000
6700
1400
750
500
620000
9600
8000
310000
45000
250000
96000
29000
83000
29000
120
81000
720
450
590
50000
4100
760000
3700
14000
850
1000
910000
150
3800
790
8500
71000
24000
330000
5100
26000
59000
27000
340
450000
640
190
150000
75000
38000
18000
570000
23000
63000
220000
190
550000
2100
990
650
4000
320
81000
6600
780000
85000
65000
85000
150000
640000
6800
7700
71000
6100
45000
750
300000
880
7400
910000
170000
16000
16000
18000
6600
990000
32000
820
43000
770000
8000
93000
930
2600
760000
6200
7000
810000
160000
130
540
4800
7200
990
4000
580
170
43000
420000
490
530
990
670000
94000
200000
47000
85000
1500
13000
61000
7200
190000
300
7500
70000
8900
4000
4500
200
2100
29000
400
100
540
750000
390
230000
28000
50000
42000
240000
90
5900
850
7400
150
4700
950000
20
2200
7000
90000
16000
940000
660000
5400
3300
4000
8500
140
61000
65000
590
31000
10000
100000
12000
940
84000
97000
220
560000
530
920000
21000
59000
9800
500
7700
790
970000
44000
510000
5600
250
20
30000
140
430000
2400
530000
4800
380
750000
240
240000
5100
9200
300
3000
52000
930000
300000
950000
8500
380
310
73000
820
1700
2200
700
1800
3400
7700
650000
4300
800000
9800
210
5900
3100
33000
380
340000
8900
76000
620
650000
460000
40000
47000
8600
5900
600
44000
960
380000
810
6300
860000
90000
9700
600000
60000
58000
190000
680000
9000
3600
3100
1700
6000
730000
93000
720000
120000
5200
900
210
41000
400
2900
53000
230
130
20000
890
49000
4800
160000
3200
1700
300000
44000
74000
1200
180000
770000
54000
890000
890000
590
74000
530
700
680000
3500
400
600000
330000
76000
68000
57000
740
84000
16000
4300
740000
16000
8500
7600
360000
330
34000
180
730000
620
790000
1400
250
930
8600
210000
40000
1400
910
600
590000
6600
37000
51000
270000
47000
210000
940
430000
920
550000
37000
9400
3300
1200
3700
570000
400
800000
2800
800
110
460
460
480
790
4600
6100
600000
120000
26000
100
8300
5500
5200
20
90000
7000
460000
840
4000
880
670000
2000
360
440
53000
3600
410000
900
5000
950
900
380000
880000
29000
770
99000
29000
330000
81000
930000
4900
88000
360
82000
80
290
26000
730000
320
28000
9200
990
200
970000
930000
200
930
560
2400
710000
24000
190000
50000
71000
9400
560
11000
61000
4100
170000
4300
6800
650
590
530000
2700
160
720000
780000
540000
4500
550000
7600
400000
400
980000
8000
920000
900
81000
3000
14000
330000
3300
180
710000
490
4700
610000
510000
300
19000
4600
8000
73000
96000
4300
420
88000
71000
10000
3800
2200
80000
4000
69000
320000
370
8700
40000
830000
1600
32000
420
45000
66000
480000
1500
120
8300
500
470
460000
26000
7800
680
4800
74000
8500
890000
86000
850000
42000
4500
36000
96000
800000
49000
7900
60
830
61000
6100
500
700000
640000
88000
930000
840000
540
90000
300000
360000
280000
2900
36000
25000
52000
610
400000
6600
8300
730
610000
18000
830
71000
7200
720
45000
920000
310000
67000
2100
43000
33000
1800
340000
94000
120000
880
160
900
710
50000
92000
6100
8000
8700
110000
230
580
680000
40
540
4800
930000
750000
5000
31000
60
6800
91000
490000
17000
60
740000
700000
560000
38000
600
840
8000
450000
76000
7400
460000
8500
4700
370000
8900
1200
160000
530
4700
34000
860
870000
5100
1000
89000
15000
7700
53000
660000
930000
5300
1700
6300
640
